dimensions 400 400

background 0.0 0.0 0.0

global 0.1 0.1 0.1
sphere 0.7   0.0    -1.5   2.6      0.8 0.2 0.0  0.7 1.0 0.0  0.2 0.1 0.2  40
sphere 2.0   0.0    0.0  -1.0      0.8 0.1 0.0  0.8 0.1 0.0  0.2 0.1 0.2  40
sphere 0.7   0.0     2.2   -3.5      0.8 0.2 0.0  0.7 1.0 0.0  0.2 0.1 0.2  40
sphere 2.0   0.0   -6.0  4.0      0.8 0.2 0.0  0.0 0.7 1.0  0.2 0.1 0.2  40
sphere 2.0   0.0    5.0  -3.0      0.8 0.2 0.0  0.0 0.7 1.0  0.2 0.1 0.2  40
sphere 2.0  -5.0    2.5  3.0      0.8 0.2 0.0  0.0 0.7 1.0  0.2 0.1 0.2  40

sphere 2.0  -5.0   -2.5  -3.0      0.8 0.2 0.0  0.0 0.7 1.0  0.2 0.1 0.2  40

sphere 2.0   5.0   -2.5  -3.0      0.8 0.2 0.0  0.0 0.7 1.0  0.2 0.1 0.2  40

sphere 2.0   5.0    2.5  3.0      0.8 0.2 0.0  0.0 0.7 1.0  0.2 0.1 0.2  40
source      0.0    0.0  1.5      0.2 0.2 0.2  0.4 0.4 0.4  0.2 0.2 0.2

source      0.0    0.0  1.5      0.2 0.2 0.2  1.0 0.0 1.0  0.3 0.3 0.1

source      0.0    0.0  1.5      0.2 0.2 0.2  1.0 0.0 1.0  0.3 0.3 0.1

source      0.0    0.0  1.5      0.2 0.2 0.2  0.0 1.0 1.0  0.4 0.5 0.3

source      0.0    0.0  1.5      0.2 0.2 0.2  0.0 1.0 1.0  0.4 0.5 0.3
